10.112613
60.722678
27.397382
82.786645
62.650838
53.188574
41.526231
90.636616
84.055605
77.194433
25.669729
87.304910
73.945128
56.218146
37.359539
11.348613
18.226264
42.800684
23.258156
24.930876
98.967254
50.112308
20.717490
10.420240
10.802026
44.009217
57.849666
61.406598
64.158757
64.644917
24.961089
69.674062
50.571001
41.691031
15.133518
64.691610
80.498672
82.234565
56.789453
37.175512
88.837550
75.400861
96.031068
93.314615
58.541826
22.810450
51.587268
31.179540
87.601550
28.864101
80.169073
85.928831
99.711600
99.972533
65.034944
45.319376
33.959166
36.755272
85.612964
12.136906
43.827937
18.336131
70.948515
15.059359
10.791040
92.691122
34.829859
34.560686
62.911771
72.206488
85.384991
75.384381
53.644520
28.482315
76.936247
52.161321
51.216468
95.424055
76.999420
19.745170
63.914304
44.671163
76.150700
64.806970
61.516465
42.520524
23.639943
30.259407
48.263802
82.259285
56.539506
99.099094
77.639393
41.100497
25.208289
69.157689
54.270760
15.718558
72.978301
55.432600
23.274636
95.462508
22.741783
91.460616
72.360302
37.274392
48.390149
16.333811
96.995148
71.486862
23.791009
88.952910
83.951231
62.384411
27.221595
26.010315
83.547472
52.773827
23.999756
55.352947
75.881527
46.503189
35.162206
61.186865
71.401715
78.026673
74.972381
52.776574
21.071810
43.102817
85.121311
13.158666
56.531266
69.668569
48.359935
19.421064
95.440535
92.924589
59.459212
41.138951
52.455214
43.748283
86.228217
38.518632
51.048921
34.470046
98.467360
36.801965
76.526994
61.055025
27.639088
78.518326
85.549791
45.789056
55.081027
90.114750
12.471999
99.516587
61.532945
14.545732
57.819452
27.466048
85.873898
66.408277
69.185156
27.806635
85.794244
21.099277
19.893490
76.881314
38.265938
94.696188
35.747246
40.268258
22.623676
75.977660
85.115818
73.719901
64.021424
77.249367
32.745140
23.002716
10.145573
15.490585
82.561419
86.736351
28.951994
20.404370
59.788812
11.282693
20.239570
50.906095
77.699820
71.753288
58.909879
16.649678
49.304788
28.174688
72.659688
36.131779
49.302042
30.918607
62.008118
57.932066
66.581317
24.417249
55.372173
96.673788
72.618488
93.232215
27.095248
40.235298
26.051515
99.566027
51.169774
99.821467
18.775597
66.265450
18.495437
49.395428
93.836482
14.358959
90.515763
36.101566
30.457167
79.215979
46.964629
28.177435
66.526383
64.372997
50.645161
51.971801
63.804437
67.125156
86.931364
84.591205
66.229743
74.881741
60.917692
43.762017
26.584368
76.411634
59.961852
91.457869
31.857967
27.004608
64.425184
72.865688
62.615131
41.616871
54.501480
17.234718
76.667074
65.084384
65.834223
72.200995
82.407605
23.420209
61.843318
88.095950
92.040162
65.323344
75.491501
13.889279
70.099796
97.887814
38.351085
61.228065
37.524339
25.653249
19.769890
88.214057
86.610004
76.988433
23.939329
39.422285
17.141331
16.894131
67.688223
83.800165
59.058199
50.343028
46.808069
36.887112
51.900388
55.108493
23.738823
39.073458
76.419874
38.249458
84.401685
96.316721
88.601337
75.252541
37.005219
94.959868
21.450850
15.916318
80.646992
57.212439
64.867397
96.050295
16.504105
88.807337
68.847316
38.991058
19.432051
55.454573
30.437941
36.126286
92.798242
59.604785
69.652089
20.308237
54.328440
44.121830
54.712973
81.402326
55.833613
44.412976
71.934568
57.893612
64.565264
45.566576
10.530107
73.708914
19.055757
66.075930
87.692190
54.235054
77.260353
54.721213
44.209723
80.682699
59.753105
42.138737
96.014588
66.776330
25.892209
43.682363
21.846370
76.895047
95.654775
65.078890
12.504959
39.685965
15.031892
67.528916
21.846370
86.236457
87.788324
63.719291
74.947661
86.857204
11.321146
21.382183
73.711661
65.543077
29.580981
15.935545
25.202795
66.169317
40.688498
38.746605
43.080844
69.490036
82.215339
82.619098
57.388226
64.999237
81.836299
91.054109
23.032929
66.715903
46.217536
32.833033
22.288583
86.967071
15.954772
48.502762
